0.000000000000000000e+00 4.726653149957165624e+03 1.204349201851356838e+03 6.362502102160752656e+03 3.656991249647720906e+03 3.129520889848795832e+03 2.413522322250200432e+03 5.623041881401916271e+02 4.620822437618654135e+02 5.653503338638794958e+03 1.712356563336036061e+03 1.603566337885651592e+03 2.367197710374019607e+03 2.200365424196626464e+03 1.289445229546412293e+03 1.003884953567887692e+03 3.832687046968484083e+03 2.257598945782886403e+03 3.418903917924573761e+03 2.266984781598676818e+03 2.956020466776236844e+03 7.199569431570196230e+02 1.699313390755219189e+03 5.278156591083670719e+03 2.577884791840007892e+03 6.075466237252907376e+03 3.464678484361860683e+03 2.653682912482197935e+03 3.624645913741092500e+03 3.114921026286220240e+03 1.573157652620995350e+03 3.950066455137179219e+03 1.747359150260758497e+03 2.141238193195703388e+03 6.754234967781325395e+03 2.382115026609756114e+03 3.305895945125920207e+03 1.028904757497019318e+03 3.529288313527247283e+03 8.243136538963793782e+02 2.187000228623673593e+03 4.819396227744716271e+03 3.488987245605807402e+03 1.946900356977726688e+03 6.834318181062394615e+03 1.541729223956009719e+03 2.378534422706553869e+03 3.743079213695590624e+03
4.726653149957165624e+03 0.000000000000000000e+00 3.587423169909008720e+03 2.011662247992937864e+03 1.841400825458704958e+03 6.976770671306317126e+03 6.500002769230179183e+03 5.186866877027016926e+03 5.027708225424383272e+03 2.326835189694362725e+03 4.147823646202909913e+03 4.722743376470925796e+03 3.634917468113959785e+03 3.124142442335176383e+03 4.906110985291710676e+03 3.929651002315600181e+03 7.462785002932886528e+03 6.337100362153025344e+03 7.242331806814708216e+03 5.104555808295173847e+03 4.042942121772212431e+03 4.021370910522927716e+03 3.676239926881813517e+03 2.862586417909510146e+03 3.105933032117723997e+03 1.849156564490957408e+03 7.172877037841928541e+03 6.629004827272340663e+03 1.203184108937613928e+03 6.813088653466942560e+03 6.000585388110063832e+03 3.446907164401153295e+03 5.252220292409677313e+03 2.655554367735670894e+03 3.122584826710076868e+03 6.273403063728648704e+03 7.182761725130522791e+03 5.621924670430937113e+03 3.084114459613974759e+03 4.563010957690108626e+03 2.755068783170394909e+03 1.590902259725593467e+03 7.026701217498863116e+03 6.185678378318743853e+03 3.471208002986856627e+03 5.460747659432726323e+03 4.389055479257467596e+03 2.087276694643046085e+03
1.204349201851356838e+03 3.587423169909008720e+03 0.000000000000000000e+00 5.162027702366580343e+03 2.457865740841024945e+03 3.677395817694907691e+03 3.070360402298075314e+03 1.741999138920567930e+03 1.443587544972593605e+03 4.461989354536830433e+03 1.183624940595626413e+03 1.519961183714900017e+03 1.497155970498731904e+03 1.102744303997984844e+03 1.500856422180349682e+03 9.502389173255323840e+02 4.297459831109536026e+03 2.902443797905482370e+03 3.966384373708629937e+03 2.168794365540449235e+03 2.208898820679661640e+03 6.516417727555531201e+02 8.271184921158516090e+02 4.135799076357554441e+03 1.517278155118566247e+03 4.872961009488994023e+03 3.953055780026383673e+03 3.253055486769323579e+03 2.445983033465277458e+03 3.580280435943530847e+03 2.440564279014179192e+03 2.959625989884532828e+03 1.965150630358904664e+03 9.492944748601457832e+02 5.563660036342982494e+03 2.915055574084308773e+03 3.877765464800572317e+03 2.034562360803914999e+03 2.481963134295108830e+03 1.026938167564142987e+03 1.394876697059636172e+03 3.616907657101574387e+03 3.890774344523208129e+03 2.685268329236391310e+03 5.660203529909503231e+03 2.022990360827258201e+03 1.866167463010755682e+03 2.559955663678572364e+03
6.362502102160752656e+03 2.011662247992937864e+03 5.162027702366580343e+03 0.000000000000000000e+00 2.798672899786611197e+03 8.063717380960222727e+03 7.726785165901793334e+03 6.877268716576370934e+03 6.580345355678529813e+03 1.401707886829492054e+03 5.365604718948275149e+03 5.945987554645569617e+03 4.678986428704404716e+03 4.377003198536642230e+03 6.224779514167549678e+03 5.708591770305527461e+03 8.416991683493573873e+03 7.577250292817308946e+03 8.295389382060375283e+03 6.134932843968220368e+03 4.801406877155903203e+03 5.706343925842535100e+03 4.981875650796595437e+03 2.321819975794850507e+03 4.177343294487538515e+03 3.198452750940679721e+02 8.185609323685072923e+03 7.799948717780136576e+03 2.777301027976621754e+03 7.858029396738090327e+03 7.407991360686107328e+03 3.762928646679338726e+03 6.460561043748445627e+03 4.222120083559916566e+03 1.426011570780545981e+03 7.450721642901444284e+03 8.262979910419726366e+03 7.130391994834505567e+03 3.668382886232024703e+03 6.010934702689757614e+03 4.637289833512673795e+03 1.680835803997523044e+03 7.986739322151437591e+03 7.501604361734895065e+03 1.876194552811621406e+03 6.757805856933150608e+03 5.359901584917394757e+03 2.843780054786234814e+03
3.656991249647720906e+03 1.841400825458704958e+03 2.457865740841024945e+03 2.798672899786611197e+03 0.000000000000000000e+00 5.329472018877667324e+03 4.945934188805993472e+03 4.199864878778839739e+03 3.823602620566106907e+03 2.011199890612566605e+03 2.572632892583005287e+03 3.156119452745729177e+03 1.923090221492481078e+03 1.579170985042468374e+03 3.426331274118134843e+03 3.178246371822046058e+03 5.748342456743508592e+03 4.792840076614282225e+03 5.576983145034598238e+03 3.408227251812883424e+03 2.222256960839587464e+03 3.065863173724489570e+03 2.184292333915037034e+03 1.859254151534964194e+03 1.400110352793664561e+03 2.490119073458135063e+03 5.485285225036160227e+03 5.034307300910424601e+03 8.930671867222532683e+02 5.140422550724793837e+03 4.610533374784310581e+03 1.668978729642771668e+03 3.676979330918246887e+03 1.589840243546501824e+03 3.112019440813312031e+03 4.681215760889472222e+03 5.532702865688704151e+03 4.351562937612186033e+03 1.251330891491135617e+03 3.226577443669994864e+03 2.425577250882766748e+03 1.168409602836265549e+03 5.312083301304677661e+03 4.705566278355879149e+03 3.240711033091349236e+03 3.961745322455748010e+03 2.650963032560054216e+03 3.037844630655096694e+02
3.129520889848795832e+03 6.976770671306317126e+03 3.677395817694907691e+03 8.063717380960222727e+03 5.329472018877667324e+03 0.000000000000000000e+00 7.428250130414295427e+02 3.208387289589584270e+03 2.669162602765144584e+03 6.928296832555603032e+03 2.830106711769010417e+03 2.265697685040967826e+03 3.406502605312375181e+03 3.853173367498534844e+03 2.177325423541460623e+03 4.075478131458933603e+03 7.260061983206479681e+02 8.801931606187359876e+02 2.925764857263823160e+02 1.929215643726745157e+03 3.309312013092751386e+03 3.671532786180725452e+03 3.314129900894049115e+03 6.198372850998881404e+03 3.931805819213354880e+03 7.744855905696374066e+03 3.648698398059231067e+02 4.816824680222438815e+02 5.773955749743844535e+03 2.604611295375952977e+02 1.658197213843998725e+03 4.512779409632161332e+03 1.745952175748236186e+03 4.430304729925471293e+03 7.909411419315599233e+03 7.685317169772500847e+02 2.061188977265306335e+02 2.224511631796965958e+03 4.434074537037013215e+03 2.680279463041120835e+03 5.052252270027694976e+03 6.383195516353858693e+03 5.496044031846906819e+02 1.223013491340140490e+03 7.804173755113349216e+03 1.669678412150076383e+03 2.703872962992159501e+03 5.229959942485219472e+03
2.413522322250200432e+03 6.500002769230179183e+03 3.070360402298075314e+03 7.726785165901793334e+03 4.945934188805993472e+03 7.428250130414295427e+02 0.000000000000000000e+00 2.467299738580620669e+03 1.951457404095718402e+03 6.672586455041253430e+03 2.379732127782452608e+03 1.794353644073542227e+03 3.050484059948519189e+03 3.404890893993521331e+03 1.603173415448247852e+03 3.381325923362017420e+03 1.468491743252239075e+03 1.679196236298783447e+02 1.019475355268581325e+03 1.680164872862184211e+03 3.109422615213313293e+03 2.992995155358591546e+03 2.826487572942785846e+03 6.008847560056753537e+03 3.551055054487328107e+03 7.411241731316014921e+03 1.103146862389591433e+03 2.669250831225870115e+02 5.299661876006807688e+03 8.203298117220901986e+02 9.154283150525768633e+02 4.347471103986776143e+03 1.269038218494620423e+03 3.889929176733170152e+03 7.697564549907977380e+03 3.310498451895122116e+02 8.990895394786883799e+02 1.483086309019134660e+03 4.184099664204953115e+03 2.048112545735707499e+03 4.414240591540066816e+03 6.050723758361474211e+03 1.218744435884734685e+03 4.812743500333255611e+02 7.634171140339991325e+03 1.053320938745641797e+03 2.431523802063224593e+03 4.883602768448719871e+03
5.623041881401916271e+02 5.186866877027016926e+03 1.741999138920567930e+03 6.877268716576370934e+03 4.199864878778839739e+03 3.208387289589584270e+03 2.467299738580620669e+03 0.000000000000000000e+00 7.178983214912819903e+02 6.202368096138764486e+03 2.240413577891367822e+03 2.050414836075860876e+03 2.919814548905460924e+03 2.761647696575361351e+03 1.686697661111795014e+03 1.303750359539739520e+03 3.931255779010060905e+03 2.330341820420343538e+03 3.486418506146386335e+03 2.668534054495089094e+03 3.486219298896729015e+03 1.174674422978554503e+03 2.259148512161163580e+03 5.839015756101365696e+03 3.140171969813118267e+03 6.595206137794330061e+03 3.562822055618270497e+03 2.727002933625118203e+03 4.119937863609110536e+03 3.239168566160149567e+03 1.558360997971907636e+03 4.506636106898359685e+03 2.081572962929716596e+03 2.657921932638353610e+03 7.303784498463793170e+03 2.511057546134695713e+03 3.363917061997813107e+03 9.842281239631389553e+02 4.090560108347021924e+03 1.318986353227356176e+03 2.543773574829332119e+03 5.357462272382326773e+03 3.631030983068032128e+03 1.986045568460099503e+03 7.390364605349319390e+03 1.784765810967926427e+03 2.878628145488749851e+03 4.295211287003236976e+03
4.620822437618654135e+02 5.027708225424383272e+03 1.443587544972593605e+03 6.580345355678529813e+03 3.823602620566106907e+03 2.669162602765144584e+03 1.951457404095718402e+03 7.178983214912819903e+02 0.000000000000000000e+00 5.788323764268892774e+03 1.601480877188360409e+03 1.342544226459597894e+03 2.329674870019419814e+03 2.290915974015633765e+03 9.697448117932882496e+02 1.450633309971889503e+03 3.375169625366997934e+03 1.795862188476610299e+03 2.958006085186438668e+03 1.950635793786220802e+03 2.834516008069102554e+03 1.111680709556480451e+03 1.724763751938218320e+03 5.345465461491637143e+03 2.627593956455220450e+03 6.284772867813124321e+03 3.006660107162098029e+03 2.192410773554992375e+03 3.888506397063016266e+03 2.660029511114491470e+03 1.121456642050864048e+03 3.919286797365051370e+03 1.371760912112602909e+03 2.390830190540516014e+03 6.882963460603288695e+03 1.926067496221251304e+03 2.844397299956530333e+03 6.106693049433547458e+02 3.542108411666701159e+03 6.750029629564598963e+02 2.589323077562937215e+03 4.992011618576222645e+03 3.038111255369032733e+03 1.485475344797078833e+03 6.933269430795257904e+03 1.111730632842326713e+03 2.195335509665891550e+03 3.875419203131449649e+03
5.653503338638794958e+03 2.326835189694362725e+03 4.461989354536830433e+03 1.401707886829492054e+03 2.011199890612566605e+03 6.928296832555603032e+03 6.672586455041253430e+03 6.202368096138764486e+03 5.788323764268892774e+03 0.000000000000000000e+00 4.391467294652209603e+03 4.946120196679413311e+03 3.647939281292932719e+03 3.500027999888000977e+03 5.273251463755545046e+03 5.182125529162720341e+03 7.215623742962211509e+03 6.534307997026157864e+03 7.139655173746138644e+03 5.021064428983161633e+03 3.620226650363206318e+03 5.076597482566447979e+03 4.089163484137067371e+03 9.214342081776646864e+02 3.206642168998592751e+03 1.130848354112964216e+03 7.013212459351278085e+03 6.713022046738711651e+03 2.436405959605254338e+03 6.706299202988187972e+03 6.476804227394865848e+03 2.475323211219092627e+03 5.431571779881031944e+03 3.598085185206153710e+03 1.101730457053811278e+03 6.375217329628849257e+03 7.120717379590345445e+03 6.283026738762138848e+03 2.496954945528653298e+03 5.159716755791930154e+03 4.317917322043116656e+03 9.363845363951713807e+02 6.794609922578337319e+03 6.506743348250336567e+03 1.267885247173418293e+03 5.772708289875732589e+03 4.248648020253031063e+03 1.913993207929432629e+03
1.712356563336036061e+03 4.147823646202909913e+03 1.183624940595626413e+03 5.365604718948275149e+03 2.572632892583005287e+03 2.830106711769010417e+03 2.379732127782452608e+03 2.240413577891367822e+03 1.601480877188360409e+03 4.391467294652209603e+03 0.000000000000000000e+00 5.854314648188974388e+02 7.650281040589293298e+02 1.028968901376518716e+03 8.823661371562260456e+02 2.039678896297159781e+03 3.352392131001383859e+03 2.223576398507593240e+03 3.099578197110051860e+03 1.048164586312664824e+03 1.245951042376866326e+03 1.624409123343008105e+03 5.021324526457137836e+02 3.840368992688072467e+03 1.195230940027909355e+03 5.053003958043175771e+03 3.041864231026756443e+03 2.487559848526262158e+03 2.944686910352270388e+03 2.675715978948438533e+03 2.086133744513999318e+03 2.330306846747869713e+03 1.113217409134442278e+03 1.649867873497753862e+03 5.458949074684614061e+03 2.131743183406481421e+03 3.036207667469403987e+03 1.957758922850308409e+03 1.996493175545561371e+03 9.309403847723010585e+02 2.512855944935960906e+03 3.700280124531114325e+03 2.922531950210296600e+03 2.136906642789993384e+03 5.458448863917294148e+03 1.393804146930263641e+03 7.107693015317979643e+02 2.533558959250800399e+03
1.603566337885651592e+03 4.722743376470925796e+03 1.519961183714900017e+03 5.945987554645569617e+03 3.156119452745729177e+03 2.265697685040967826e+03 1.794353644073542227e+03 2.050414836075860876e+03 1.342544226459597894e+03 4.946120196679413311e+03 5.854314648188974388e+02 0.000000000000000000e+00 1.298341249440993352e+03 1.611946959425154319e+03 4.052949543233914937e+02 2.207156541797613500e+03 2.823403088473199205e+03 1.638236246699480262e+03 2.541761003713763785e+03 6.937326574408905344e+02 1.585576235947045234e+03 1.766553990117482954e+03 1.049562289718909369e+03 4.356470130736580359e+03 1.769950564281386960e+03 5.632431535314033681e+03 2.497853478489080771e+03 1.906926322645948403e+03 3.519805818507606091e+03 2.127077337569087831e+03 1.557664919037467371e+03 2.777797688817528069e+03 5.300650903426861760e+02 2.170895207051689795e+03 6.002066727386492857e+03 1.551101866416258190e+03 2.471601302799462246e+03 1.537546747256811159e+03 2.505386397344728721e+03 7.900430368024263998e+02 2.911581185541629566e+03 4.276651143125892304e+03 2.402364876533121333e+03 1.563443635056921494e+03 5.982244562035223680e+03 8.267551027964690320e+02 8.914263850705789309e+02 3.108684126764891971e+03
2.367197710374019607e+03 3.634917468113959785e+03 1.497155970498731904e+03 4.678986428704404716e+03 1.923090221492481078e+03 3.406502605312375181e+03 3.050484059948519189e+03 2.919814548905460924e+03 2.329674870019419814e+03 3.647939281292932719e+03 7.650281040589293298e+02 1.298341249440993352e+03 0.000000000000000000e+00 6.458769232601517842e+02 1.641024679887539151e+03 2.445981602547329203e+03 3.839156808467192604e+03 2.904236904937336476e+03 3.654459878012070931e+03 1.487415543820892026e+03 7.298999931497464786e+02 2.095738771889282816e+03 6.965005384061091718e+02 3.075963913962581046e+03 5.320761223734814394e+02 4.362474641760109989e+03 3.566206107335917750e+03 3.121774175048541110e+03 2.452868728652228583e+03 3.218313222792337001e+03 2.841839193198657995e+03 1.591440228220965992e+03 1.790921829673199227e+03 1.479249809869854289e+03 4.705343026815367011e+03 2.771784443278373146e+03 3.609622833482745136e+03 2.720201463127317766e+03 1.231790972527400754e+03 1.655217810440668245e+03 2.549313044724009615e+03 3.000854045101160864e+03 3.402366970213530749e+03 2.859376505464084403e+03 4.696000425894359068e+03 2.125079292638276911e+03 7.553125181009513653e+02 1.835296433822067911e+03
2.200365424196626464e+03 3.124142442335176383e+03 1.102744303997984844e+03 4.377003198536642230e+03 1.579170985042468374e+03 3.853173367498534844e+03 3.404890893993521331e+03 2.761647696575361351e+03 2.290915974015633765e+03 3.500027999888000977e+03 1.028968901376518716e+03 1.611946959425154319e+03 6.458769232601517842e+02 0.000000000000000000e+00 1.852060744144208684e+03 2.025087899326841580e+03 4.348586207033269602e+03 3.246617470537605641e+03 4.118220975129916042e+03 1.996902601530680613e+03 1.340222742681230557e+03 1.752924984133662292e+03 6.051264330699824541e+02 3.077907893358733872e+03 4.188006685763526775e+02 4.069251773975161541e+03 4.051160944716958511e+03 3.516526268919371887e+03 1.922255446084104506e+03 3.689639684305230276e+03 3.031376749927333094e+03 1.865901658716235715e+03 2.141410749949668116e+03 8.370095578904699778e+02 4.592568126876290989e+03 3.160701188027745047e+03 4.059076249591771557e+03 2.787845225259106883e+03 1.379427417445368974e+03 1.662011131129993373e+03 1.931360660260014811e+03 2.735977339087442033e+03 3.914169132779011761e+03 3.137232060272239323e+03 4.646427121993844594e+03 2.394950730182147254e+03 1.350576913766853977e+03 1.591719196340862027e+03
1.289445229546412293e+03 4.906110985291710676e+03 1.500856422180349682e+03 6.224779514167549678e+03 3.426331274118134843e+03 2.177325423541460623e+03 1.603173415448247852e+03 1.686697661111795014e+03 9.697448117932882496e+02 5.273251463755545046e+03 8.823661371562260456e+02 4.052949543233914937e+02 1.641024679887539151e+03 1.852060744144208684e+03 0.000000000000000000e+00 2.028249491556696967e+03 2.802266404180730206e+03 1.437314857642541710e+03 2.465730114996367774e+03 9.852375348107683521e+02 1.986225566243673029e+03 1.592119656307276500e+03 1.252559379829954423e+03 4.715683619582637220e+03 2.071695199588974447e+03 5.914720027186409425e+03 2.453927464290662556e+03 1.763643954997720130e+03 3.709747835096072777e+03 2.081670963432982262e+03 1.203797325134094081e+03 3.163745881071992699e+03 4.963275128380452657e+02 2.286776333619009620e+03 6.341219519934631535e+03 1.418808302766797397e+03 2.378648565887781388e+03 1.133466364741362668e+03 2.866720251437171555e+03 5.532449728646433869e+02 2.884769141543218666e+03 4.568890127810035665e+03 2.404401172849489285e+03 1.288169243539062336e+03 6.337003866181556987e+03 5.547071299343465398e+02 1.296483320370917909e+03 3.405592019018132305e+03
1.003884953567887692e+03 3.929651002315600181e+03 9.502389173255323840e+02 5.708591770305527461e+03 3.178246371822046058e+03 4.075478131458933603e+03 3.381325923362017420e+03 1.303750359539739520e+03 1.450633309971889503e+03 5.182125529162720341e+03 2.039678896297159781e+03 2.207156541797613500e+03 2.445981602547329203e+03 2.025087899326841580e+03 2.028249491556696967e+03 0.000000000000000000e+00 4.758911745346828866e+03 3.219979192479355333e+03 4.367555494781949164e+03 2.899398730771606097e+03 3.150773873193695181e+03 4.410408144378477004e+02 1.764548950865347933e+03 4.959463277412183743e+03 2.443851263886572724e+03 5.442443660709773212e+03 4.395361646099215250e+03 3.609113464550539902e+03 2.931291353652857197e+03 4.033930341490789942e+03 2.571627500241821508e+03 3.890956180683611819e+03 2.524237904794237238e+03 1.589604353290465724e+03 6.277600258060399938e+03 3.312699956229057534e+03 4.260575195909585091e+03 2.032695255073912904e+03 3.397900675417102320e+03 1.475144738661261044e+03 1.240453546087075438e+03 4.286546512053730112e+03 4.389627432937788399e+03 2.927542313955513237e+03 6.418836187347360465e+03 2.427133288470165553e+03 2.748273094144757579e+03 3.336403003235670440e+03
3.832687046968484083e+03 7.462785002932886528e+03 4.297459831109536026e+03 8.416991683493573873e+03 5.748342456743508592e+03 7.260061983206479681e+02 1.468491743252239075e+03 3.931255779010060905e+03 3.375169625366997934e+03 7.215623742962211509e+03 3.352392131001383859e+03 2.823403088473199205e+03 3.839156808467192604e+03 4.348586207033269602e+03 2.802266404180730206e+03 4.758911745346828866e+03 0.000000000000000000e+00 1.600948781191953003e+03 4.766151487311329902e+02 2.358315076489992862e+03 3.616435952702605391e+03 4.344833253417212291e+03 3.850941183658872887e+03 6.432504100270749404e+03 4.371208071002797624e+03 8.097146410927741272e+03 3.692709032675062986e+02 1.205034854267709534e+03 6.266381731110865076e+03 7.257857810676646295e+02 2.383913798777128704e+03 4.753167049452395986e+03 2.334169231225534077e+03 4.990611685955940629e+03 8.147807557864875889e+03 1.451135417526565561e+03 6.080476954976476236e+02 2.948145349198373424e+03 4.751647503761195367e+03 3.330465583067928947e+03 5.686634505575331787e+03 6.745461437144237607e+03 4.367905676637259944e+02 1.947672713779191326e+03 8.004078023107970694e+03 2.333858821779929258e+03 3.097571952352358039e+03 5.617856174734272827e+03
2.257598945782886403e+03 6.337100362153025344e+03 2.902443797905482370e+03 7.577250292817308946e+03 4.792840076614282225e+03 8.801931606187359876e+02 1.679196236298783447e+02 2.330341820420343538e+03 1.795862188476610299e+03 6.534307997026157864e+03 2.223576398507593240e+03 1.638236246699480262e+03 2.904236904937336476e+03 3.246617470537605641e+03 1.437314857642541710e+03 3.219979192479355333e+03 1.600948781191953003e+03 0.000000000000000000e+00 1.164727006641470552e+03 1.562269182951516768e+03 2.987186301521885525e+03 2.828908093240217113e+03 2.665264152011954138e+03 5.881088504690266745e+03 3.400271900892632857e+03 7.262260323067467652e+03 1.232513691607521196e+03 3.989009902218845127e+02 5.137390485450760025e+03 9.225811617413396561e+02 7.933536411966607602e+02 4.226619689539147657e+03 1.116774372915138201e+03 3.723839416516238543e+03 7.564826303359515805e+03 2.855118211212978849e+02 1.048820766384800436e+03 1.347818978943389084e+03 4.050136417455589708e+03 1.880294125928175163e+03 4.247120083068054555e+03 5.902758422974804489e+03 1.321591843195167485e+03 3.541327434734043322e+02 7.507842566276945945e+03 8.862471438599957310e+02 2.301076487212018037e+03 4.735042238459969667e+03
3.418903917924573761e+03 7.242331806814708216e+03 3.966384373708629937e+03 8.295389382060375283e+03 5.576983145034598238e+03 2.925764857263823160e+02 1.019475355268581325e+03 3.486418506146386335e+03 2.958006085186438668e+03 7.139655173746138644e+03 3.099578197110051860e+03 2.541761003713763785e+03 3.654459878012070931e+03 4.118220975129916042e+03 2.465730114996367774e+03 4.367555494781949164e+03 4.766151487311329902e+02 1.164727006641470552e+03 0.000000000000000000e+00 2.169439558964480511e+03 3.519846161411035155e+03 3.964079968920909778e+03 3.587864267220821148e+03 6.392276355102304478e+03 4.182753399377018468e+03 7.976047768161873137e+03 2.013578903345980109e+02 7.661886190749638672e+02 6.040290887035160267e+03 4.375945612093459545e+02 1.931075607012837736e+03 4.705729805248065531e+03 2.026853719438085136e+03 4.710095646587232295e+03 8.106400557584111993e+03 1.060844946257463107e+03 1.314686274363583607e+02 2.502207225631002984e+03 4.651100944937660643e+03 2.971912683777906750e+03 5.343210458142183597e+03 6.616159913424100523e+03 4.850566977168751350e+02 1.500661520796745208e+03 7.988710346482715977e+03 1.961765786224237218e+03 2.938270579779881245e+03 5.468879409897424011e+03
2.266984781598676818e+03 5.104555808295173847e+03 2.168794365540449235e+03 6.134932843968220368e+03 3.408227251812883424e+03 1.929215643726745157e+03 1.680164872862184211e+03 2.668534054495089094e+03 1.950635793786220802e+03 5.021064428983161633e+03 1.048164586312664824e+03 6.937326574408905344e+02 1.487415543820892026e+03 1.996902601530680613e+03 9.852375348107683521e+02 2.899398730771606097e+03 2.358315076489992862e+03 1.562269182951516768e+03 2.169439558964480511e+03 0.000000000000000000e+00 1.429948600474856221e+03 2.459227927622813695e+03 1.546946023622026814e+03 4.332758128490442687e+03 2.018110502425474124e+03 5.816240194489907481e+03 2.078843187929286614e+03 1.693895215177137288e+03 3.909316308512269643e+03 1.732434414343007575e+03 1.812077536972411053e+03 2.667313442398549341e+03 6.536206851071957544e+02 2.693145558635849284e+03 6.028943025108132133e+03 1.365513822705577695e+03 2.129835674412464869e+03 1.990113815840692041e+03 2.524456377123597576e+03 1.473471071992931911e+03 3.541252038474528035e+03 4.454247411179580922e+03 1.922145676061000358e+03 1.640903714420806637e+03 5.956116603962685986e+03 1.070174284871394320e+03 7.765526382673617718e+02 3.301255821653329349e+03
2.956020466776236844e+03 4.042942121772212431e+03 2.208898820679661640e+03 4.801406877155903203e+03 2.222256960839587464e+03 3.309312013092751386e+03 3.109422615213313293e+03 3.486219298896729015e+03 2.834516008069102554e+03 3.620226650363206318e+03 1.245951042376866326e+03 1.585576235947045234e+03 7.298999931497464786e+02 1.340222742681230557e+03 1.986225566243673029e+03 3.150773873193695181e+03 3.616435952702605391e+03 2.987186301521885525e+03 3.519846161411035155e+03 1.429948600474856221e+03 0.000000000000000000e+00 2.778669645711774592e+03 1.386226893405260626e+03 2.904496514027861394e+03 1.061689691011455579e+03 4.481588222940612468e+03 3.397011039134256407e+03 3.118638805632996082e+03 2.921199240038241442e+03 3.086086518553878705e+03 3.114236342990043340e+03 1.239653177304039446e+03 1.952860722120243736e+03 2.174595594587646701e+03 4.606626639961176807e+03 2.795232548465332911e+03 3.500702358099014418e+03 3.118959121245419738e+03 1.135606005619906909e+03 2.172487054046582671e+03 3.267789007876732740e+03 3.135201588415009610e+03 3.188119978921747133e+03 3.028791178011452303e+03 4.526364766564886850e+03 2.354220040692883231e+03 7.107214644289280159e+02 2.041550636158701764e+03
7.199569431570196230e+02 4.021370910522927716e+03 6.516417727555531201e+02 5.706343925842535100e+03 3.065863173724489570e+03 3.671532786180725452e+03 2.992995155358591546e+03 1.174674422978554503e+03 1.111680709556480451e+03 5.076597482566447979e+03 1.624409123343008105e+03 1.766553990117482954e+03 2.095738771889282816e+03 1.752924984133662292e+03 1.592119656307276500e+03 4.410408144378477004e+02 4.344833253417212291e+03 2.828908093240217113e+03 3.964079968920909778e+03 2.459227927622813695e+03 2.778669645711774592e+03 0.000000000000000000e+00 1.400995360449134296e+03 4.780128136357852782e+03 2.165035796470811420e+03 5.426996591117411299e+03 3.983816888362214740e+03 3.211890564760885354e+03 2.945350912879482166e+03 3.619090631636627222e+03 2.223649477772969476e+03 3.602049555461445834e+03 2.088442960676685743e+03 1.495591187457321212e+03 6.177808672984297118e+03 2.905024956863537682e+03 3.860588815193868868e+03 1.718323892634912909e+03 3.131078089093276049e+03 1.039001924926032189e+03 1.478633152610883371e+03 4.210095723377319700e+03 3.968193795670771124e+03 2.552470372012180633e+03 6.289088725721716401e+03 2.011000994529838636e+03 2.335157382276406679e+03 3.188464834367787262e+03
1.699313390755219189e+03 3.676239926881813517e+03 8.271184921158516090e+02 4.981875650796595437e+03 2.184292333915037034e+03 3.314129900894049115e+03 2.826487572942785846e+03 2.259148512161163580e+03 1.724763751938218320e+03 4.089163484137067371e+03 5.021324526457137836e+02 1.049562289718909369e+03 6.965005384061091718e+02 6.051264330699824541e+02 1.252559379829954423e+03 1.764548950865347933e+03 3.850941183658872887e+03 2.665264152011954138e+03 3.587864267220821148e+03 1.546946023622026814e+03 1.386226893405260626e+03 1.400995360449134296e+03 0.000000000000000000e+00 3.620702279945148803e+03 9.029197085012598336e+02 4.674350436156878459e+03 3.536170951749929372e+03 2.953195726666283917e+03 2.474259485179353760e+03 3.168025410251628728e+03 2.426288729726946713e+03 2.253718039152191523e+03 1.577215901517607790e+03 1.147840145664891679e+03 5.176111668038084645e+03 2.597847185651996824e+03 3.520161644015797265e+03 2.193876249928423022e+03 1.832984997210833626e+03 1.073029822511937482e+03 2.053182894921930711e+03 3.339739211375642753e+03 3.422374906406368609e+03 2.540344268007783285e+03 5.212461702497199440e+03 1.800940032316456609e+03 1.076091074212587273e+03 2.189195285944129864e+03
5.278156591083670719e+03 2.862586417909510146e+03 4.135799076357554441e+03 2.321819975794850507e+03 1.859254151534964194e+03 6.198372850998881404e+03 6.008847560056753537e+03 5.839015756101365696e+03 5.345465461491637143e+03 9.214342081776646864e+02 3.840368992688072467e+03 4.356470130736580359e+03 3.075963913962581046e+03 3.077907893358733872e+03 4.715683619582637220e+03 4.959463277412183743e+03 6.432504100270749404e+03 5.881088504690266745e+03 6.392276355102304478e+03 4.332758128490442687e+03 2.904496514027861394e+03 4.780128136357852782e+03 3.620702279945148803e+03 0.000000000000000000e+00 2.717985467216482448e+03 2.041708353315918657e+03 6.253813556542919287e+03 6.023126098630178603e+03 2.568802250076872042e+03 5.965464776528313450e+03 5.912005412717413492e+03 1.686582343083194928e+03 4.806801951401784208e+03 3.383185776749482557e+03 1.715735702257198000e+03 5.698168565425210545e+03 6.383920190603889750e+03 5.786648943905272063e+03 1.851108046549417395e+03 4.686717401337528827e+03 4.284794627517169829e+03 1.271884035594440547e+03 6.021354415744019207e+03 5.891712484498882986e+03 1.628440358134125745e+03 5.177270709553441520e+03 3.580266051566559327e+03 1.638227395693284052e+03
2.577884791840007892e+03 3.105933032117723997e+03 1.517278155118566247e+03 4.177343294487538515e+03 1.400110352793664561e+03 3.931805819213354880e+03 3.551055054487328107e+03 3.140171969813118267e+03 2.627593956455220450e+03 3.206642168998592751e+03 1.195230940027909355e+03 1.769950564281386960e+03 5.320761223734814394e+02 4.188006685763526775e+02 2.071695199588974447e+03 2.443851263886572724e+03 4.371208071002797624e+03 3.400271900892632857e+03 4.182753399377018468e+03 2.018110502425474124e+03 1.061689691011455579e+03 2.165035796470811420e+03 9.029197085012598336e+02 2.717985467216482448e+03 0.000000000000000000e+00 3.863066139739261416e+03 4.096890650237079171e+03 3.634699024678659498e+03 1.931128167678157979e+03 3.747249791513771015e+03 3.273237693782717088e+03 1.447111951439832410e+03 2.283497755637171849e+03 1.163605173587673562e+03 4.285311190567144877e+03 3.282122788684177067e+03 4.135644327066823280e+03 3.085985904050762201e+03 9.666322982396150110e+02 1.972882409065477077e+03 2.284908750913261429e+03 2.506768836570297026e+03 3.934419652248600869e+03 3.330719591920040330e+03 4.311557143306812577e+03 2.588482373901742449e+03 1.283347186072420527e+03 1.339050409805396384e+03
6.075466237252907376e+03 1.849156564490957408e+03 4.872961009488994023e+03 3.198452750940679721e+02 2.490119073458135063e+03 7.744855905696374066e+03 7.411241731316014921e+03 6.595206137794330061e+03 6.284772867813124321e+03 1.130848354112964216e+03 5.053003958043175771e+03 5.632431535314033681e+03 4.362474641760109989e+03 4.069251773975161541e+03 5.914720027186409425e+03 5.442443660709773212e+03 8.097146410927741272e+03 7.262260323067467652e+03 7.976047768161873137e+03 5.816240194489907481e+03 4.481588222940612468e+03 5.426996591117411299e+03 4.674350436156878459e+03 2.041708353315918657e+03 3.863066139739261416e+03 0.000000000000000000e+00 7.865962687427394485e+03 7.482819054340416187e+03 2.514458987535887445e+03 7.538721973915738090e+03 7.100628493309588521e+03 3.448231575750097363e+03 6.145721275814580622e+03 3.937683710000080737e+03 1.374483175597286163e+03 7.133993131479732256e+03 7.943959340278624950e+03 6.830134186090343974e+03 3.348702733895619986e+03 5.708752665863183211e+03 4.396141035044258388e+03 1.362736218055423933e+03 7.666907720848086683e+03 7.189565007703873562e+03 1.797533031685370815e+03 6.445897377402156962e+03 5.040992362620677341e+03 2.527686689445509728e+03
3.464678484361860683e+03 7.172877037841928541e+03 3.953055780026383673e+03 8.185609323685072923e+03 5.485285225036160227e+03 3.648698398059231067e+02 1.103146862389591433e+03 3.562822055618270497e+03 3.006660107162098029e+03 7.013212459351278085e+03 3.041864231026756443e+03 2.497853478489080771e+03 3.566206107335917750e+03 4.051160944716958511e+03 2.453927464290662556e+03 4.395361646099215250e+03 3.692709032675062986e+02 1.232513691607521196e+03 2.013578903345980109e+02 2.078843187929286614e+03 3.397011039134256407e+03 3.983816888362214740e+03 3.536170951749929372e+03 6.253813556542919287e+03 4.096890650237079171e+03 7.865962687427394485e+03 0.000000000000000000e+00 8.381169369485381822e+02 5.972842957922131973e+03 3.730656778638313540e+02 2.018024776854833362e+03 4.568183008593241539e+03 1.995985220386163064e+03 4.668666833261931970e+03 7.969104905822234286e+03 1.084365713216717268e+03 3.050000000000000000e+02 2.580153871380542114e+03 4.531350902324824347e+03 2.975317125954811672e+03 5.338346279513909394e+03 6.508519109597819806e+03 2.864000698323937399e+02 1.580669478417293931e+03 7.843435089296015576e+03 1.973266327691221704e+03 2.837890237482767589e+03 5.368067901955041634e+03
2.653682912482197935e+03 6.629004827272340663e+03 3.253055486769323579e+03 7.799948717780136576e+03 5.034307300910424601e+03 4.816824680222438815e+02 2.669250831225870115e+02 2.727002933625118203e+03 2.192410773554992375e+03 6.713022046738711651e+03 2.487559848526262158e+03 1.906926322645948403e+03 3.121774175048541110e+03 3.516526268919371887e+03 1.763643954997720130e+03 3.609113464550539902e+03 1.205034854267709534e+03 3.989009902218845127e+02 7.661886190749638672e+02 1.693895215177137288e+03 3.118638805632996082e+03 3.211890564760885354e+03 2.953195726666283917e+03 6.023126098630178603e+03 3.634699024678659498e+03 7.482819054340416187e+03 8.381169369485381822e+02 0.000000000000000000e+00 5.426335872391239718e+03 5.579838707346297042e+02 1.180006779641540788e+03 4.348861000308012080e+03 1.376985475595149410e+03 4.043213820712429424e+03 7.722405648500990537e+03 3.558834078739833444e+02 6.525618744609587338e+02 1.743378903164770918e+03 4.217386987223249889e+03 2.240673113151492089e+03 4.613720516026084624e+03 6.120324256115847675e+03 9.543819989920178841e+02 7.426897064050369863e+02 7.643231384695873203e+03 1.230812739615576220e+03 2.464440098683674478e+03 4.956797857488239060e+03
3.624645913741092500e+03 1.203184108937613928e+03 2.445983033465277458e+03 2.777301027976621754e+03 8.930671867222532683e+02 5.773955749743844535e+03 5.299661876006807688e+03 4.119937863609110536e+03 3.888506397063016266e+03 2.436405959605254338e+03 2.944686910352270388e+03 3.519805818507606091e+03 2.452868728652228583e+03 1.922255446084104506e+03 3.709747835096072777e+03 2.931291353652857197e+03 6.266381731110865076e+03 5.137390485450760025e+03 6.040290887035160267e+03 3.909316308512269643e+03 2.921199240038241442e+03 2.945350912879482166e+03 2.474259485179353760e+03 2.568802250076872042e+03 1.931128167678157979e+03 2.514458987535887445e+03 5.972842957922131973e+03 5.426335872391239718e+03 0.000000000000000000e+00 5.611873573059179762e+03 4.823012440373754544e+03 2.549906861044144080e+03 4.049430824202334861e+03 1.497706580075015836e+03 3.475531038560870002e+03 5.070657748261067354e+03 5.979978762504094448e+03 4.469940603632222519e+03 2.095609219296383799e+03 3.387399740213723362e+03 1.910057590754791818e+03 1.500363289340285064e+03 5.830871118452198971e+03 4.993146603095085993e+03 3.703550863698242665e+03 4.263926476852057931e+03 3.208125309273314542e+03 1.195956520948817797e+03
3.114921026286220240e+03 6.813088653466942560e+03 3.580280435943530847e+03 7.858029396738090327e+03 5.140422550724793837e+03 2.604611295375952977e+02 8.203298117220901986e+02 3.239168566160149567e+03 2.660029511114491470e+03 6.706299202988187972e+03 2.675715978948438533e+03 2.127077337569087831e+03 3.218313222792337001e+03 3.689639684305230276e+03 2.081670963432982262e+03 4.033930341490789942e+03 7.257857810676646295e+02 9.225811617413396561e+02 4.375945612093459545e+02 1.732434414343007575e+03 3.086086518553878705e+03 3.619090631636627222e+03 3.168025410251628728e+03 5.965464776528313450e+03 3.747249791513771015e+03 7.538721973915738090e+03 3.730656778638313540e+02 5.579838707346297042e+02 5.611873573059179762e+03 0.000000000000000000e+00 1.715888691028646008e+03 4.279001051647452186e+03 1.623072703239137127e+03 4.297953001139030675e+03 7.678433499093418504e+03 7.344011165568854267e+02 4.195485669144872531e+02 2.262353641674970277e+03 4.215892906609464262e+03 2.605801604113406029e+03 4.966351276339602919e+03 6.178678256714780218e+03 3.995409866334115918e+02 1.276690252175522801e+03 7.566628311209689855e+03 1.608164792550813218e+03 2.500678507925399117e+03 5.031335508590139398e+03
1.573157652620995350e+03 6.000585388110063832e+03 2.440564279014179192e+03 7.407991360686107328e+03 4.610533374784310581e+03 1.658197213843998725e+03 9.154283150525768633e+02 1.558360997971907636e+03 1.121456642050864048e+03 6.476804227394865848e+03 2.086133744513999318e+03 1.557664919037467371e+03 2.841839193198657995e+03 3.031376749927333094e+03 1.203797325134094081e+03 2.571627500241821508e+03 2.383913798777128704e+03 7.933536411966607602e+02 1.931075607012837736e+03 1.812077536972411053e+03 3.114236342990043340e+03 2.223649477772969476e+03 2.426288729726946713e+03 5.912005412717413492e+03 3.273237693782717088e+03 7.100628493309588521e+03 2.018024776854833362e+03 1.180006779641540788e+03 4.823012440373754544e+03 1.715888691028646008e+03 0.000000000000000000e+00 4.329435990980811766e+03 1.179213721087063959e+03 3.345979378298676693e+03 7.544713977348644221e+03 1.022102245374698327e+03 1.807076368059745391e+03 5.776313703392502248e+02 4.061096526801597520e+03 1.437578519594668933e+03 3.692495226808018288e+03 5.762244788274791972e+03 2.114669950606949897e+03 4.394769618535196969e+02 7.536036756810572115e+03 7.625667183925613699e+02 2.403840468916354894e+03 4.602864868752937582e+03
3.950066455137179219e+03 3.446907164401153295e+03 2.959625989884532828e+03 3.762928646679338726e+03 1.668978729642771668e+03 4.512779409632161332e+03 4.347471103986776143e+03 4.506636106898359685e+03 3.919286797365051370e+03 2.475323211219092627e+03 2.330306846747869713e+03 2.777797688817528069e+03 1.591440228220965992e+03 1.865901658716235715e+03 3.163745881071992699e+03 3.890956180683611819e+03 4.753167049452395986e+03 4.226619689539147657e+03 4.705729805248065531e+03 2.667313442398549341e+03 1.239653177304039446e+03 3.602049555461445834e+03 2.253718039152191523e+03 1.686582343083194928e+03 1.447111951439832410e+03 3.448231575750097363e+03 4.568183008593241539e+03 4.348861000308012080e+03 2.549906861044144080e+03 4.279001051647452186e+03 4.329435990980811766e+03 0.000000000000000000e+00 3.183737583407275906e+03 2.509425830742960898e+03 3.401059393777180048e+03 4.030965765173403270e+03 4.697593958613281757e+03 4.280575895834577750e+03 5.326321432283260719e+02 3.244314411397267577e+03 3.611762035350612678e+03 2.186306703095428020e+03 4.338439926978359836e+03 4.264510757402306808e+03 3.295582801265961280e+03 3.575638124866664839e+03 1.940569246381071480e+03 1.380960897346481715e+03
1.747359150260758497e+03 5.252220292409677313e+03 1.965150630358904664e+03 6.460561043748445627e+03 3.676979330918246887e+03 1.745952175748236186e+03 1.269038218494620423e+03 2.081572962929716596e+03 1.371760912112602909e+03 5.431571779881031944e+03 1.113217409134442278e+03 5.300650903426861760e+02 1.790921829673199227e+03 2.141410749949668116e+03 4.963275128380452657e+02 2.524237904794237238e+03 2.334169231225534077e+03 1.116774372915138201e+03 2.026853719438085136e+03 6.536206851071957544e+02 1.952860722120243736e+03 2.088442960676685743e+03 1.577215901517607790e+03 4.806801951401784208e+03 2.283497755637171849e+03 6.145721275814580622e+03 1.995985220386163064e+03 1.376985475595149410e+03 4.049430824202334861e+03 1.623072703239137127e+03 1.179213721087063959e+03 3.183737583407275906e+03 0.000000000000000000e+00 2.684352622141882421e+03 6.474122179878906536e+03 1.021234547006709931e+03 1.951148379800982639e+03 1.340222742681230557e+03 2.962043213729333729e+03 1.049508932787139202e+03 3.357911553331921823e+03 4.786743778394661604e+03 1.925718567184727590e+03 1.085009216550716701e+03 6.435220664437234518e+03 4.213798761212974568e+02 1.243907552835016759e+03 3.618807814736781438e+03
